96 80 130 144.000000 32.000000 127.968742 8336.000000 4128.000000 17023.968750
90 94 130 224.000000 208.000000 128.000000 6880.000000 7888.000000 17024.000000
76 100 130 64.000000 176.000000 128.000000 3136.000000 9392.000000 17024.000000
126 78 130 152.000000 80.000000 0.000000 16024.000000 3664.000000 16896.000000
166 80 130 60.000000 16.000000 0.000000 26172.000000 4112.000000 16896.000000
100 106 130 111.968742 159.968750 0.000000 9327.968750 10911.968750 16896.000000
78 120 130 240.000000 152.000000 0.000000 3824.000000 14488.000000 16896.000000
78 142 130 144.000000 24.000000 0.000000 3728.000000 19992.000000 16896.000000
82 90 130 176.000000 0.000000 127.968742 4784.000000 6656.000000 17023.968750
166 164 130 79.968742 168.000000 127.968742 26191.968750 25768.000000 17023.968750
128 174 130 0.000000 128.000000 0.000000 16384.000000 28288.000000 16896.000000
90 174 130 191.968750 128.000000 0.000000 6847.968750 28288.000000 16896.000000
146 144 130 192.000000 63.968750 0.000000 21184.000000 20543.968750 16896.000000
132 132 130 11.968750 139.968750 0.000000 17419.968750 17547.968750 16896.000000
176 130 130 64.000000 127.968742 0.000000 28736.000000 17023.968750 16896.000000
176 150 130 192.000000 215.968750 127.968742 28864.000000 22231.968750 17023.968750
154 172 130 223.968750 144.000000 128.000000 23263.968750 27792.000000 17024.000000
160 156 130 176.000000 175.000000 128.000000 24752.000000 23727.000000 17024.000000
168 162 130 159.968750 79.968742 127.968742 26783.968750 25167.968750 17023.968750
84 86 130 240.000000 184.000000 127.968742 5360.000000 5816.000000 17023.968750
114 116 128 248.000000 128.000000 255.968750 13048.000000 13440.000000 16639.968750
176 114 130 125.312500 63.250000 0.000000 28797.312500 12863.250000 16896.000000
